m = 0.18;
g = 9.81;
Ix = 0.00025;
Iy = 0.000432;
Iz = 0.0003738;
d = 0.086;
kftx = 0.1;
kfty = 0.1;
kftz = 0.1;
kfax = 0.01;
kfay = 0.01;
kfaz = 0.01;
kp = 0.5;
kd = 0.08;
jr = 0.0025;
